10000000000000000000000000000000000000000000000
10000000000000000000000000000000000000000000000
10000000000000000000000000000000000000000000000
10000000000000000000000000000000000000000000000
10000000000000000000000000000000000000000000000
10000000000000000000000000000000000000000000000
10000000000000000000000000000000000000000000000
10000000000000000000000000000000000000000000000
10000000000000000000000000000000000000000000000
10000000000000000000000000000000000000000000000
10000000000000000000000000000000000000000000000
10000000000000000000000000000000000000000000770
10000000000000000000000000800000000000000000770
10000000000000000000000000800000000000000000770
10000000000000080000000000800000000000000000000
10000000000000000000000000800000000000000000000
10000000000000000000000000000000000000000000000
10000000000000000000000000000000000000000000000
10000000000000000000000000000000000000000000000
10000000000000000000000000000000000000000000000
10000000000000000000000000000000000000000000000
10000000000000000000000000000000000000000000000
10000000000000000000000000000000000000000000000
11111111111111188100000000000000000000000000000
00000000000000188100000000000000000000000000000
00000000000000188100000000000000000000000000000
00000000000000188100000000000000000000000000000
00000000000000111100000000000000000000000000000
00000000000000111100000000000000000000000000000
00000000000000000000000000000000000000000000000
00400000000000000000000000000000000000000000000
00000000000000000000000000000000000000000000000
00000000000000000000000000000000000000000000000
00000000000000000000000000000000000000000000000
00000000000000000000000000000000000000000000000
00000000000000000000000000000000000000000000000
00000000000000000000000000000000000000000000000